nbClients: 10
ServiceTimes: 
0	0	0	0	0	0	0	0	0	0	
TravelTimes: 
34	7	65	88	61	53	24	53	92	76	
0	31	32	56	28	22	15	20	68	65	
31	0	60	83	59	48	23	48	85	69	
32	60	0	24	26	11	47	12	43	54	
56	83	24	0	46	34	71	36	31	55	
28	59	26	46	0	28	38	22	70	78	
22	48	11	34	28	0	38	5	47	50	
15	23	47	71	38	38	0	35	83	75	
20	48	12	36	22	5	35	0	52	56	
68	85	43	31	70	47	83	52	0	31	
65	69	54	55	78	50	75	56	31	0	
