nbClients: 25
nbTrips: 3
VehCapacity: 180
ClientDemands: 
10	10	10	20	30	30	30	10	30	20	30	10	20	20	10	30	20	30	20	20	20	10	10	30	10	
ServiceTimes: 
121	130	88	149	135	142	118	70	99	141	162	157	119	119	179	145	169	129	78	158	161	66	71	126	106	
TravelTimes: 
0	32	38	78	27	32	26	44	54	77	46	61	66	31	44	72	42	40	23	56	12	32	23	23	14	71	
32	0	51	54	46	48	11	34	27	51	62	31	34	58	65	46	35	26	15	76	34	50	55	9	46	53	
38	51	0	68	65	70	54	78	78	69	11	63	83	24	80	97	76	72	35	26	50	70	43	46	43	54	
78	54	68	0	100	102	65	85	64	6	76	25	54	89	119	75	87	77	55	91	86	104	98	61	92	16	
27	46	65	100	0	6	35	35	57	97	72	78	72	52	19	70	31	36	46	79	15	5	32	38	24	95	
32	48	70	102	6	0	36	31	55	99	78	79	71	59	18	67	27	34	49	85	20	4	38	41	30	98	
26	11	54	65	35	36	0	26	27	62	64	42	39	56	54	46	25	18	20	77	26	39	49	8	39	64	
44	34	78	85	35	31	26	0	26	81	88	60	42	76	48	36	4	8	46	100	36	35	62	34	52	87	
54	27	78	64	57	55	27	26	0	59	89	38	16	84	72	19	30	21	42	103	51	59	76	33	66	69	
77	51	69	6	97	99	62	81	59	0	79	20	48	90	116	70	83	73	53	94	84	101	98	58	91	21	
46	62	11	76	72	78	64	88	89	79	0	73	94	23	86	108	86	82	46	15	58	77	46	57	48	62	
61	31	63	25	78	79	42	60	38	20	73	0	31	79	97	52	62	52	38	89	66	82	83	39	75	32	
66	34	83	54	72	71	39	42	16	48	94	31	0	93	88	21	46	37	49	109	65	74	89	43	79	63	
31	58	24	89	52	59	56	76	84	90	23	79	93	0	64	102	73	71	43	27	41	57	23	50	28	76	
44	65	80	119	19	18	54	48	72	116	86	97	88	64	0	84	44	51	65	91	34	14	41	58	37	114	
72	46	97	75	70	67	46	36	19	70	108	52	21	102	84	0	40	34	62	122	68	71	93	52	83	84	
42	35	76	87	31	27	25	4	30	83	86	62	46	73	44	40	0	9	45	98	33	31	58	33	48	88	
40	26	72	77	36	34	18	8	21	73	82	52	37	71	51	34	9	0	38	94	34	38	59	26	49	78	
23	15	35	55	46	49	20	46	42	53	46	38	49	43	65	62	45	38	0	60	31	51	45	12	37	49	
56	76	26	91	79	85	77	100	103	94	15	89	109	27	91	122	98	94	60	0	67	84	50	70	55	76	
12	34	50	86	15	20	26	36	51	84	58	66	65	41	34	68	33	34	31	67	0	21	25	26	15	80	
32	50	70	104	5	4	39	35	59	101	77	82	74	57	14	71	31	38	51	84	21	0	36	43	29	100	
23	55	43	98	32	38	49	62	76	98	46	83	89	23	41	93	58	59	45	50	25	36	0	46	10	89	
23	9	46	61	38	41	8	34	33	58	57	39	43	50	58	52	33	26	12	70	26	43	46	0	37	58	
14	46	43	92	24	30	39	52	66	91	48	75	79	28	37	83	48	49	37	55	15	29	10	37	0	84	
71	53	54	16	95	98	64	87	69	21	62	32	63	76	114	84	88	78	49	76	80	100	89	58	84	0	
