nbClients: 25
nbTrips: 3
VehCapacity: 180
ClientDemands: 
30	30	10	30	10	30	10	20	20	20	10	20	30	20	10	20	30	20	10	10	30	30	10	20	10	
ServiceTimes: 
44	53	43	41	27	50	53	42	15	19	46	34	46	16	24	55	22	26	10	19	50	37	9	6	7	
TravelTimes: 
0	49	43	20	56	25	5	60	29	38	21	55	38	37	10	37	19	38	53	4	17	31	28	42	30	79	
49	0	50	51	21	73	49	50	74	43	42	35	36	82	39	67	59	87	66	51	48	55	49	91	78	30	
43	50	0	62	39	53	39	89	70	72	58	24	67	51	42	79	62	64	16	47	58	72	15	71	56	76	
20	51	62	0	66	38	25	43	25	22	9	69	25	53	20	18	9	47	73	17	4	11	48	49	42	78	
56	21	39	66	0	77	55	71	85	62	57	17	56	83	48	83	71	91	53	60	62	71	44	97	82	38	
25	73	53	38	77	0	24	81	24	59	43	72	61	15	35	46	30	13	55	24	37	48	38	19	5	104	
5	49	39	25	55	24	0	64	32	42	25	52	42	34	12	41	23	37	48	8	22	36	24	42	29	79	
60	50	89	43	71	81	64	0	67	22	39	83	22	96	52	45	52	91	104	59	44	35	80	92	86	60	
29	74	70	25	85	24	32	67	0	46	34	84	50	38	36	25	16	27	76	25	27	31	54	26	25	103	
38	43	72	22	62	59	42	22	46	0	17	71	7	74	31	28	31	69	85	37	22	16	61	71	64	64	
21	42	58	9	57	43	25	39	34	17	0	61	17	57	15	26	18	54	70	20	7	15	45	56	48	68	
55	35	24	69	17	72	52	83	84	71	61	0	65	74	49	87	72	85	38	59	65	76	34	91	76	55	
38	36	67	25	56	61	42	22	50	7	17	65	0	74	30	34	34	72	82	37	24	21	58	74	65	57	
37	82	51	53	83	15	34	96	38	74	57	74	74	0	46	61	45	16	50	37	52	63	39	23	13	113	
10	39	42	20	48	35	12	52	36	31	15	49	30	46	0	38	23	48	54	12	16	29	30	52	40	69	
37	67	79	18	83	46	41	45	25	28	26	87	34	61	38	0	18	52	90	33	22	12	65	51	49	91	
19	59	62	9	71	30	23	52	16	31	18	72	34	45	23	18	0	38	72	15	11	18	48	39	34	87	
38	87	64	47	91	13	37	91	27	69	54	85	72	16	48	52	38	0	65	36	48	56	50	7	8	117	
53	66	16	73	53	55	48	104	76	85	70	38	82	50	54	90	72	65	0	56	70	84	24	72	57	91	
4	51	47	17	60	24	8	59	25	37	20	59	37	37	12	33	15	36	56	0	15	29	32	40	29	81	
17	48	58	4	62	37	22	44	27	22	7	65	24	52	16	22	11	48	70	15	0	14	45	50	41	75	
31	55	72	11	71	48	36	35	31	16	15	76	21	63	29	12	18	56	84	29	14	0	59	57	52	79	
28	49	15	48	44	38	24	80	54	61	45	34	58	39	30	65	48	50	24	32	45	59	0	57	41	78	
42	91	71	49	97	19	42	92	26	71	56	91	74	23	52	51	39	7	72	40	50	57	57	0	15	121	
30	78	56	42	82	5	29	86	25	64	48	76	65	13	40	49	34	8	57	29	41	52	41	15	0	108	
79	30	76	78	38	104	79	60	103	64	68	55	57	113	69	91	87	117	91	81	75	79	78	121	108	0	
