nbClients: 25
nbTrips: 3
VehCapacity: 180
ClientDemands: 
20	30	10	30	10	30	10	10	10	10	30	20	20	10	30	10	30	20	10	30	20	20	20	30	20	
ServiceTimes: 
56	46	30	28	31	4	37	28	15	42	34	39	16	24	5	52	34	47	40	9	32	39	22	46	3	
TravelTimes: 
0	43	73	95	41	86	18	35	42	19	36	47	17	48	17	22	54	46	15	70	57	50	81	27	63	70	
43	0	35	55	36	46	61	55	70	59	69	38	60	6	38	49	26	56	39	28	65	18	62	59	42	27	
73	35	0	22	70	12	91	70	87	86	89	70	90	29	73	71	23	64	73	12	69	47	43	81	30	19	
95	55	22	0	87	9	113	91	108	108	110	87	112	49	93	93	44	84	94	27	88	63	54	103	47	31	
41	36	70	87	0	80	55	72	82	60	77	6	55	41	25	61	61	78	27	60	90	24	97	68	76	56	
86	46	12	9	80	0	104	82	99	99	101	80	103	40	85	84	35	76	85	20	80	56	48	94	39	24	
18	61	91	113	55	104	0	40	39	11	31	61	1	66	30	28	70	52	28	88	62	67	93	25	77	89	
35	55	70	91	72	82	40	0	17	29	20	77	39	56	51	13	47	13	49	73	22	70	57	16	46	76	
42	70	87	108	82	99	39	17	0	28	8	88	38	72	59	22	64	25	57	90	29	85	71	15	62	93	
19	59	86	108	60	99	11	29	28	0	20	66	10	63	35	18	64	42	33	85	51	68	84	14	70	86	
36	69	89	110	77	101	31	20	8	20	0	83	30	72	53	19	66	31	51	90	37	82	76	10	66	93	
47	38	70	87	6	80	61	77	88	66	83	0	61	43	31	66	63	83	33	60	94	24	100	73	79	56	
17	60	90	112	55	103	1	39	38	10	30	61	0	65	30	27	69	51	28	87	61	67	92	24	76	88	
48	6	29	49	41	40	66	56	72	63	72	43	65	0	44	52	21	56	45	22	65	22	58	62	38	22	
17	38	73	93	25	85	30	51	59	35	53	31	30	44	0	38	57	60	2	66	71	39	89	44	69	65	
22	49	71	93	61	84	28	13	22	18	19	66	27	52	38	0	48	25	37	71	35	63	66	10	52	74	
54	26	23	44	61	35	70	47	64	64	66	63	69	21	57	48	0	42	57	27	49	43	36	58	16	32	
46	56	64	84	78	76	52	13	25	42	31	83	51	56	60	25	42	0	59	69	11	73	45	29	37	73	
15	39	73	94	27	85	28	49	57	33	51	33	28	45	2	37	57	59	0	67	70	40	88	42	69	66	
70	28	12	27	60	20	88	73	90	85	90	60	87	22	66	71	27	69	67	0	76	36	55	82	39	6	
57	65	69	88	90	80	62	22	29	51	37	94	61	65	71	35	49	11	70	76	0	83	43	37	40	81	
50	18	47	63	24	56	67	70	85	68	82	24	67	22	39	63	43	73	40	36	83	0	80	72	60	32	
81	62	43	54	97	48	93	57	71	84	76	100	92	58	89	66	36	45	88	55	43	80	0	73	20	61	
27	59	81	103	68	94	25	16	15	14	10	73	24	62	44	10	58	29	42	82	37	72	73	0	61	84	
63	42	30	47	76	39	77	46	62	70	66	79	76	38	69	52	16	37	69	39	40	60	20	61	0	44	
70	27	19	31	56	24	89	76	93	86	93	56	88	22	65	74	32	73	66	6	81	32	61	84	44	0	
