nbClients: 25
nbTrips: 3
VehCapacity: 180
ClientDemands: 
10	20	30	10	10	20	30	10	20	30	10	10	30	10	10	20	20	30	30	20	20	20	30	10	30	
ServiceTimes: 
103	114	71	148	114	132	150	153	89	141	64	113	174	103	120	113	77	154	165	108	69	156	96	101	142	
TravelTimes: 
0	5	67	38	94	15	82	59	114	24	100	52	30	6	66	82	92	70	43	92	79	96	38	92	88	42	
5	0	67	38	95	20	83	55	114	27	100	55	26	3	65	82	91	73	40	92	76	97	37	91	86	44	
67	67	0	29	30	73	16	55	48	48	33	46	59	63	11	19	35	42	42	25	48	32	34	35	31	32	
38	38	29	0	58	47	45	43	76	24	62	39	33	34	28	44	55	48	23	54	51	60	12	55	51	19	
94	95	30	58	0	98	14	84	30	73	18	58	89	91	38	30	43	44	72	13	69	2	64	43	41	54	
15	20	73	47	98	0	88	74	121	25	106	48	46	21	75	91	102	67	57	98	93	100	50	102	98	44	
82	83	16	45	14	88	0	70	34	62	19	53	75	79	24	18	34	44	58	10	57	16	51	34	31	44	
59	55	55	43	84	74	70	0	88	61	78	82	29	53	46	57	55	90	20	74	27	86	31	55	52	63	
114	114	48	76	30	121	34	88	0	96	15	87	102	111	49	33	34	74	82	23	66	30	79	34	36	78	
24	27	48	24	73	25	62	61	96	0	81	28	40	24	51	66	79	46	42	72	75	74	32	79	75	19	
100	100	33	62	18	106	19	78	15	81	0	72	89	96	35	21	28	61	70	8	58	19	65	28	28	63	
52	55	46	39	58	48	53	82	87	28	72	0	66	53	54	65	81	19	62	63	87	59	51	81	77	19	
30	26	59	33	89	46	75	29	102	40	89	66	0	24	53	68	74	80	20	82	53	91	24	74	70	49	
6	3	63	34	91	21	79	53	111	24	96	53	24	0	62	78	87	70	37	88	74	93	33	87	83	41	
66	65	11	28	38	75	24	46	49	51	35	54	53	62	0	16	28	53	34	29	36	40	30	28	23	38	
82	82	19	44	30	91	18	57	33	66	21	65	68	78	16	0	16	59	49	17	39	31	46	16	13	51	
92	91	35	55	43	102	34	55	34	79	28	81	74	87	28	16	0	75	54	29	32	44	54	0	4	66	
70	73	42	48	44	67	44	90	74	46	61	19	80	70	53	59	75	0	71	53	89	45	60	75	72	30	
43	40	42	23	72	57	58	20	82	42	70	62	20	37	34	49	54	71	0	64	36	74	11	54	50	43	
92	92	25	54	13	98	10	74	23	72	8	63	82	88	29	17	29	53	64	0	57	14	58	29	28	55	
79	76	48	51	69	93	57	27	66	75	58	87	53	74	36	39	32	89	36	57	0	71	43	32	30	68	
96	97	32	60	2	100	16	86	30	74	19	59	91	93	40	31	44	45	74	14	71	0	66	44	43	55	
38	37	34	12	64	50	51	31	79	32	65	51	24	33	30	46	54	60	11	58	43	66	0	54	49	31	
92	91	35	55	43	102	34	55	34	79	28	81	74	87	28	16	0	75	54	29	32	44	54	0	4	66	
88	86	31	51	41	98	31	52	36	75	28	77	70	83	23	13	4	72	50	28	30	43	49	4	0	61	
42	44	32	19	54	44	44	63	78	19	63	19	49	41	38	51	66	30	43	55	68	55	31	66	61	0	
