nbClients: 20
ServiceTimes: 
0	0	0	0	0	0	0	0	0	0	0	0	0	0	0	0	0	0	0	0	
TravelTimes: 
39	69	53	2	26	54	39	81	76	62	64	74	59	47	67	80	38	71	71	60	
0	53	31	37	56	15	44	87	73	26	54	73	44	34	49	67	8	50	61	24	
53	0	22	70	63	54	34	46	27	72	9	29	10	22	5	13	46	10	10	43	
31	22	0	53	56	33	30	61	45	51	24	45	14	11	18	35	24	19	31	23	
37	70	53	0	29	53	41	83	78	60	65	76	60	47	67	81	37	72	73	60	
56	63	56	29	0	71	29	60	60	82	55	57	55	46	63	71	52	69	62	72	
15	54	33	53	71	0	55	94	78	18	57	78	47	40	49	67	19	48	64	14	
44	34	30	41	29	55	0	44	37	71	27	35	26	19	34	43	37	40	34	51	
87	46	61	83	60	94	44	0	19	111	38	17	48	53	50	40	79	56	35	85	
73	27	45	78	60	78	37	19	0	96	21	3	31	39	31	21	65	37	16	68	
26	72	51	60	82	18	71	111	96	0	75	96	65	58	67	85	33	66	82	31	
54	9	24	65	55	57	27	38	21	75	0	22	10	20	12	16	46	19	8	47	
73	29	45	76	57	78	35	17	3	96	22	0	31	39	33	24	65	39	18	69	
44	10	14	60	55	47	26	48	31	65	10	31	0	12	8	23	36	14	17	37	
34	22	11	47	46	40	19	53	39	58	20	39	12	0	20	35	26	24	28	33	
49	5	18	67	63	49	34	50	31	67	12	33	8	20	0	18	42	7	15	38	
67	13	35	81	71	67	43	40	21	85	16	24	23	35	18	0	59	20	9	55	
8	46	24	37	52	19	37	79	65	33	46	65	36	26	42	59	0	43	53	22	
50	10	19	72	69	48	40	56	37	66	19	39	14	24	7	20	43	0	21	35	
61	10	31	73	62	64	34	35	16	82	8	18	17	28	15	9	53	21	0	53	
24	43	23	60	72	14	51	85	68	31	47	69	37	33	38	55	22	35	53	0	
