nbClients: 20
ServiceTimes: 
0	0	0	0	0	0	0	0	0	0	0	0	0	0	0	0	0	0	0	0	
TravelTimes: 
18	64	46	76	37	55	25	61	46	9	34	67	75	59	74	24	3	51	13	12	
0	70	34	70	54	51	8	54	56	27	36	78	71	75	74	6	16	51	29	8	
70	0	58	45	53	36	78	45	22	64	34	23	36	49	25	71	67	26	53	63	
34	58	0	39	71	25	37	23	56	54	30	76	43	85	51	30	46	32	48	34	
70	45	39	0	85	21	75	16	58	81	43	68	9	90	22	67	78	28	72	68	
54	53	71	85	0	65	62	75	31	28	43	43	80	23	74	59	40	56	25	46	
51	36	25	21	65	0	56	10	41	60	22	56	20	73	25	49	57	10	50	47	
8	78	37	75	62	56	0	58	65	34	44	87	77	83	81	7	22	58	37	16	
54	45	23	16	75	10	58	0	51	67	31	66	20	84	29	51	62	21	58	52	
56	22	56	58	31	41	65	51	0	44	26	21	51	32	43	59	50	30	34	48	
27	64	54	81	28	60	34	67	44	0	38	63	79	51	77	34	12	55	10	21	
36	34	30	43	43	22	44	31	26	38	0	46	41	55	40	37	37	17	28	30	
78	23	76	68	43	56	87	66	21	63	46	0	59	30	48	81	71	45	54	70	
71	36	43	9	80	20	77	20	51	79	41	59	0	83	13	69	77	24	69	68	
75	49	85	90	23	73	83	84	32	51	55	30	83	0	74	80	62	63	46	67	
74	25	51	22	74	25	81	29	43	77	40	48	13	74	0	73	77	23	67	69	
6	71	30	67	59	49	7	51	59	34	37	81	69	80	73	0	22	50	34	13	
16	67	46	78	40	57	22	62	50	12	37	71	77	62	77	22	0	54	17	11	
51	26	32	28	56	10	58	21	30	55	17	45	24	63	23	50	54	0	45	46	
29	53	48	72	25	50	37	58	34	10	28	54	69	46	67	34	17	45	0	21	
8	63	34	68	46	47	16	52	48	21	30	70	68	67	69	13	11	46	21	0	
