nbClients: 20
nbTrips: 3
VehCapacity: 140
ClientDemands: 
10	10	20	20	30	30	10	20	30	10	20	10	20	30	20	10	10	20	30	30	
ServiceTimes: 
112	179	188	127	87	142	135	163	126	105	110	172	92	163	193	175	181	80	139	111	
TravelTimes: 
0	34	57	46	69	19	14	43	30	35	36	46	42	70	66	18	16	45	45	77	50	
34	0	67	62	56	39	48	32	55	61	65	67	28	93	44	24	28	29	17	56	80	
57	67	0	14	43	76	57	40	33	33	42	21	44	37	111	46	44	93	60	59	46	
46	62	14	0	52	64	44	41	19	18	27	8	44	31	106	40	36	86	59	67	33	
69	56	43	52	0	85	77	26	64	67	76	60	29	80	96	51	53	85	40	16	85	
19	39	76	64	85	0	24	59	47	52	50	63	57	86	58	34	34	37	55	91	63	
14	48	57	44	77	24	0	53	25	28	26	41	53	62	79	29	26	57	58	87	39	
43	32	40	41	26	59	53	0	45	50	57	48	4	73	75	25	27	61	20	33	70	
30	55	33	19	64	47	25	45	0	5	12	16	47	40	95	31	27	74	58	76	25	
35	61	33	18	67	52	28	50	5	0	9	13	52	34	101	37	33	80	64	80	20	
36	65	42	27	76	50	26	57	12	9	0	21	59	37	103	42	38	81	70	89	14	
46	67	21	8	60	63	41	48	16	13	21	0	51	26	108	43	39	89	65	75	25	
42	28	44	44	29	57	53	4	47	52	59	51	0	76	71	24	26	57	16	34	72	
70	93	37	31	80	86	62	73	40	34	37	26	76	0	135	69	65	114	91	96	28	
66	44	111	106	96	58	79	75	95	101	103	108	71	135	0	66	69	21	56	91	117	
18	24	46	40	51	34	29	25	31	37	42	43	24	69	66	0	4	47	29	58	56	
16	28	44	36	53	34	26	27	27	33	38	39	26	65	69	4	0	49	33	61	52	
45	29	93	86	85	37	57	61	74	80	81	89	57	114	21	47	49	0	45	83	96	
45	17	60	59	40	55	58	20	58	64	70	65	16	91	56	29	33	45	0	38	84	
77	56	59	67	16	91	87	33	76	80	89	75	34	96	91	58	61	83	38	0	99	
50	80	46	33	85	63	39	70	25	20	14	25	72	28	117	56	52	96	84	99	0	
