nbClients: 20
nbTrips: 3
VehCapacity: 140
ClientDemands: 
10	10	20	30	20	10	30	10	10	10	20	10	30	20	30	30	30	20	20	20	
ServiceTimes: 
155	105	75	77	169	126	160	137	177	119	86	93	116	83	94	143	83	163	104	116	
TravelTimes: 
0	76	63	100	60	81	87	74	20	56	69	20	17	72	27	59	93	42	80	100	87	
76	0	13	36	46	5	44	35	57	21	71	71	59	86	51	45	19	38	44	44	12	
63	13	0	47	44	19	50	38	43	12	68	60	46	82	38	34	33	24	39	53	23	
100	36	47	0	48	32	25	29	84	47	65	89	85	81	80	81	20	70	79	11	37	
60	46	44	48	0	49	28	19	50	32	24	43	49	39	50	72	52	49	82	44	57	
81	5	19	32	49	0	43	36	62	26	73	76	64	88	57	50	14	43	47	41	8	
87	44	50	25	28	43	0	13	74	43	41	72	74	56	72	84	38	66	87	17	51	
74	35	38	29	19	36	13	0	61	31	39	61	61	54	59	72	35	53	77	26	44	
20	57	43	84	50	62	74	61	0	37	66	26	3	73	7	41	75	22	61	85	67	
56	21	12	47	32	26	43	31	37	0	57	50	39	70	33	41	37	23	49	51	33	
69	71	68	65	24	73	41	39	66	57	0	49	64	15	68	94	74	71	106	58	81	
20	71	60	89	43	76	72	61	26	50	49	0	22	52	32	67	85	44	85	87	83	
17	59	46	85	49	64	74	61	3	39	64	22	0	70	10	45	76	25	65	86	70	
72	86	82	81	39	88	56	54	73	70	15	52	70	0	76	106	90	81	119	73	97	
27	51	38	80	50	57	72	59	7	33	68	32	10	76	0	34	70	15	54	83	61	
59	45	34	81	72	50	84	72	41	41	94	67	45	106	34	0	64	24	21	88	49	
93	19	33	20	52	14	38	35	75	37	74	85	76	90	70	64	0	57	59	30	17	
42	38	24	70	49	43	66	53	22	23	71	44	25	81	15	24	57	0	41	74	47	
80	44	39	79	82	47	87	77	61	49	106	85	65	119	54	21	59	41	0	88	42	
100	44	53	11	44	41	17	26	85	51	58	87	86	73	83	88	30	74	88	0	46	
87	12	23	37	57	8	51	44	67	33	81	83	70	97	61	49	17	47	42	46	0	
