nbClients: 20
nbTrips: 3
VehCapacity: 140
ClientDemands: 
10	30	20	10	20	30	10	10	30	20	20	10	30	20	20	10	30	30	10	20	
ServiceTimes: 
23	13	42	21	42	23	7	17	27	35	29	48	4	52	35	41	45	12	27	11	
TravelTimes: 
0	16	35	48	48	65	62	25	24	73	35	31	46	45	32	53	49	35	34	34	66	
16	0	37	53	64	63	71	40	22	89	21	18	45	52	19	56	56	23	49	36	68	
35	37	0	16	68	30	39	52	57	74	58	32	12	17	56	19	21	29	61	69	31	
48	53	16	0	70	27	24	60	71	66	74	48	17	5	72	6	6	45	67	83	19	
48	64	68	70	0	96	65	24	58	41	79	78	80	65	76	77	66	81	17	57	89	
65	63	30	27	96	0	47	82	85	93	80	50	18	32	78	21	33	45	90	98	17	
62	71	39	24	65	47	0	64	86	48	93	71	42	22	90	27	18	68	68	94	32	
25	40	52	60	24	82	64	0	35	57	55	56	64	55	52	66	58	60	9	37	79	
24	22	57	71	58	85	86	35	0	92	22	39	67	69	20	76	73	45	41	13	88	
73	89	74	66	41	93	48	57	92	0	108	98	82	62	106	72	60	98	55	94	80	
35	21	58	74	79	80	93	55	22	108	0	29	64	73	2	77	77	35	62	33	87	
31	18	32	48	78	50	71	56	39	98	29	0	36	49	28	50	53	6	65	53	60	
46	45	12	17	80	18	42	64	67	82	64	36	0	21	62	16	24	31	73	79	24	
45	52	17	5	65	32	22	55	69	62	73	49	21	0	71	11	4	46	63	80	23	
32	19	56	72	76	78	90	52	20	106	2	28	62	71	0	75	75	34	59	31	86	
53	56	19	6	77	21	27	66	76	72	77	50	16	11	75	0	12	46	74	88	12	
49	56	21	6	66	33	18	58	73	60	77	53	24	4	75	12	0	50	65	83	22	
35	23	29	45	81	45	68	60	45	98	35	6	31	46	34	46	50	0	69	59	55	
34	49	61	67	17	90	68	9	41	55	62	65	73	63	59	74	65	69	0	39	86	
34	36	69	83	57	98	94	37	13	94	33	53	79	80	31	88	83	59	39	0	100	
66	68	31	19	89	17	32	79	88	80	87	60	24	23	86	12	22	55	86	100	0	
