nbClients: 20
nbTrips: 3
VehCapacity: 140
ClientDemands: 
10	30	30	20	10	10	20	10	20	20	30	30	30	20	20	10	10	20	10	30	
ServiceTimes: 
0	0	0	0	0	0	0	0	0	0	0	0	0	0	0	0	0	0	0	0	
TravelTimes: 
0	56	65	20	44	83	4	28	41	47	46	39	56	85	72	40	51	27	56	26	45	
56	0	23	36	11	37	52	34	14	59	52	17	16	53	25	17	34	80	30	34	29	
65	23	0	50	26	56	61	51	28	80	73	31	39	75	44	34	57	92	53	39	22	
20	36	50	0	26	62	18	9	23	38	34	20	35	66	51	20	32	43	36	17	35	
44	11	26	26	0	46	41	25	3	54	47	6	20	59	34	8	33	69	31	22	23	
83	37	56	62	46	0	81	55	48	62	55	49	28	23	12	45	36	100	29	68	67	
4	52	61	18	41	81	0	26	38	48	47	35	53	84	70	37	50	32	54	22	41	
28	34	51	9	25	55	26	0	22	32	26	19	29	57	44	17	23	47	28	24	40	
41	14	28	23	3	48	38	22	0	52	45	3	21	60	36	7	32	66	31	19	22	
47	59	80	38	54	62	48	32	52	0	8	49	47	52	58	45	28	47	36	55	72	
46	52	73	34	47	55	47	26	45	8	0	43	39	46	50	38	20	51	28	51	66	
39	17	31	20	6	49	35	19	3	49	43	0	21	59	36	5	30	63	30	18	24	
56	16	39	35	20	28	53	29	21	47	39	21	0	39	16	17	20	76	14	40	43	
85	53	75	66	59	23	84	57	60	52	46	59	39	0	30	54	34	96	30	76	82	
72	25	44	51	34	12	70	44	36	58	50	36	16	30	0	33	30	91	22	55	55	
40	17	34	20	8	45	37	17	7	45	38	5	17	54	33	0	25	63	25	22	29	
51	34	57	32	33	36	50	23	32	28	20	30	20	34	30	25	0	64	8	45	55	
27	80	92	43	69	100	32	47	66	47	51	63	76	96	91	63	64	0	71	53	73	
56	30	53	36	31	29	54	28	31	36	28	30	14	30	22	25	8	71	0	46	54	
26	34	39	17	22	68	22	24	19	55	51	18	40	76	55	22	45	53	46	0	20	
45	29	22	35	23	67	41	40	22	72	66	24	43	82	55	29	55	73	54	20	0	
