nbClients: 20
nbTrips: 3
VehCapacity: 140
ClientDemands: 
10	30	30	10	10	20	30	10	20	20	10	10	20	10	20	20	30	30	30	20	
ServiceTimes: 
17	58	22	28	22	47	18	42	17	40	19	48	60	21	54	2	15	2	37	33	
TravelTimes: 
0	30	55	42	45	52	68	39	60	32	53	58	49	35	35	54	15	32	37	50	16	
30	0	34	18	48	40	77	59	47	60	41	45	31	65	63	28	20	15	63	63	23	
55	34	0	15	37	72	112	64	18	75	14	75	6	84	77	12	52	49	74	97	55	
42	18	15	0	38	57	96	59	29	66	24	61	13	74	69	12	36	33	67	81	40	
45	48	37	38	0	87	113	30	26	47	24	92	31	59	49	46	53	62	44	95	56	
52	40	72	57	87	0	49	90	86	83	81	6	71	81	86	62	37	25	89	43	35	
68	77	112	96	113	49	0	103	123	87	116	51	109	78	89	105	62	63	95	18	58	
39	59	64	59	30	90	103	0	57	20	53	96	57	33	21	70	53	68	14	84	55	
60	47	18	29	26	86	123	57	0	72	6	91	16	83	74	30	61	63	69	107	64	
32	60	75	66	47	83	87	20	72	0	67	90	68	13	2	78	48	65	7	69	48	
53	41	14	24	24	81	116	53	6	67	0	85	11	78	69	26	54	56	65	100	58	
58	45	75	61	92	6	51	96	91	90	85	0	75	88	92	65	43	30	95	47	41	
49	31	6	13	31	71	109	57	16	68	11	75	0	77	71	15	47	47	68	93	51	
35	65	84	74	59	81	78	33	83	13	78	88	77	0	12	86	49	66	19	61	48	
35	63	77	69	49	86	89	21	74	2	69	92	71	12	0	81	51	67	7	71	51	
54	28	12	12	46	62	105	70	30	78	26	65	15	86	81	0	47	41	79	91	50	
15	20	52	36	53	37	62	53	61	48	54	43	47	49	51	47	0	17	53	46	3	
32	15	49	33	62	25	63	68	63	65	56	30	47	66	67	41	17	0	69	50	17	
37	63	74	67	44	89	95	14	69	7	65	95	68	19	7	79	53	69	0	76	54	
50	63	97	81	95	43	18	84	107	69	100	47	93	61	71	91	46	50	76	0	42	
16	23	55	40	56	35	58	55	64	48	58	41	51	48	51	50	3	17	54	42	0	
