nbClients: 20
nbTrips: 3
VehCapacity: 140
ClientDemands: 
10	10	20	10	30	20	30	20	10	20	20	20	30	30	10	30	30	10	10	20	
ServiceTimes: 
24	1	42	27	46	39	3	22	51	27	4	6	19	43	46	50	42	35	27	8	
TravelTimes: 
0	35	72	41	57	32	29	58	48	20	74	59	47	45	49	21	37	46	68	64	43	
35	0	85	22	61	67	25	83	81	53	97	94	80	52	83	53	21	21	103	69	78	
72	85	0	67	26	80	59	30	55	62	28	92	62	32	74	85	65	74	92	21	75	
41	22	67	0	41	72	14	72	76	54	84	99	78	35	84	63	4	8	106	49	80	
57	61	26	41	0	76	36	43	61	56	50	95	66	12	77	76	41	48	98	7	76	
32	67	80	72	76	0	59	55	32	20	70	27	26	65	21	17	68	78	36	81	14	
29	25	59	14	36	59	0	59	62	40	72	85	64	26	70	51	10	21	92	44	66	
58	83	30	72	43	55	59	0	26	42	16	63	33	40	45	64	69	80	62	43	47	
48	81	55	76	61	32	62	26	0	28	39	37	7	53	19	46	73	84	37	63	21	
20	53	62	54	56	20	40	42	28	0	58	44	27	44	30	22	50	61	51	61	26	
74	97	28	84	50	70	72	16	39	58	0	75	46	50	57	81	81	92	72	46	61	
59	94	92	99	95	27	85	63	37	44	75	0	30	85	18	42	94	105	11	99	19	
47	80	62	78	66	26	64	33	7	27	46	30	0	58	12	41	74	85	31	69	14	
45	52	32	35	12	65	26	40	53	44	50	85	58	0	68	64	33	42	89	18	66	
49	83	74	84	77	21	70	45	19	30	57	18	12	68	0	38	80	91	21	80	6	
21	53	85	63	76	17	51	64	46	22	81	42	41	64	38	0	59	68	53	82	31	
37	21	65	4	41	68	10	69	73	50	81	94	74	33	80	59	0	11	102	48	76	
46	21	74	8	48	78	21	80	84	61	92	105	85	42	91	68	11	0	113	55	87	
68	103	92	106	98	36	92	62	37	51	72	11	31	89	21	53	102	113	0	101	25	
64	69	21	49	7	81	44	43	63	61	46	99	69	18	80	82	48	55	101	0	80	
43	78	75	80	76	14	66	47	21	26	61	19	14	66	6	31	76	87	25	80	0	
