nbClients: 10
nbTrips: 2
VehCapacity: 120
ClientDemands: 
10	20	20	30	10	30	30	20	10	30	
ServiceTimes: 
0	0	0	0	0	0	0	0	0	0	
TravelTimes: 
0	76	47	49	87	49	65	65	28	87	2	
76	0	34	27	60	30	11	38	74	114	75	
47	34	0	10	48	5	24	21	40	84	47	
49	27	10	0	56	5	16	28	48	94	49	
87	60	48	56	0	51	56	28	66	68	89	
49	30	5	5	51	0	19	23	44	89	49	
65	11	24	16	56	19	0	31	63	105	65	
65	38	21	28	28	23	31	0	49	76	65	
28	74	40	48	66	44	63	49	0	60	30	
87	114	84	94	68	89	105	76	60	0	90	
2	75	47	49	89	49	65	65	30	90	0	
