nbClients: 10
nbTrips: 2
VehCapacity: 120
ClientDemands: 
30	30	10	20	10	30	30	20	10	20	
ServiceTimes: 
37	30	45	23	19	52	21	15	4	47	
TravelTimes: 
0	31	70	12	67	63	20	72	77	50	51	
31	0	94	27	38	60	39	88	73	79	41	
70	94	0	82	119	72	84	27	77	27	78	
12	27	82	0	65	71	13	84	85	60	56	
67	38	119	65	0	61	77	105	69	110	44	
63	60	72	71	61	0	83	50	13	76	19	
20	39	84	13	77	83	0	90	96	60	69	
72	88	27	84	105	50	90	0	52	46	61	
77	73	77	85	69	13	96	52	0	85	31	
50	79	27	60	110	76	60	46	85	0	75	
51	41	78	56	44	19	69	61	31	75	0	
