nbClients: 10
nbTrips: 2
VehCapacity: 120
ClientDemands: 
30	10	10	10	20	30	30	20	20	30	
ServiceTimes: 
0	0	0	0	0	0	0	0	0	0	
TravelTimes: 
0	11	56	60	79	71	74	71	87	32	60	
11	0	58	54	84	65	69	81	89	40	57	
56	58	0	39	27	45	41	53	31	29	26	
60	54	39	0	63	11	15	90	53	54	14	
79	84	27	63	0	66	60	45	23	48	49	
71	65	45	11	66	0	7	97	52	63	18	
74	69	41	15	60	7	0	94	45	63	16	
71	81	53	90	45	97	94	0	68	43	79	
87	89	31	53	23	52	45	68	0	60	39	
32	40	29	54	48	63	63	43	60	0	46	
60	57	26	14	49	18	16	79	39	46	0	
