nbClients: 10
nbTrips: 2
VehCapacity: 120
ClientDemands: 
20	30	20	10	30	30	20	30	10	10	
ServiceTimes: 
14	40	2	25	1	43	35	46	16	7	
TravelTimes: 
0	61	73	53	69	90	29	87	50	64	29	
61	0	39	47	12	33	62	32	63	32	60	
73	39	0	83	49	33	87	66	96	72	86	
53	47	83	0	44	78	32	50	18	21	30	
69	12	49	44	0	34	65	20	62	25	63	
90	33	33	78	34	0	95	42	95	60	93	
29	62	87	32	65	95	0	78	23	50	2	
87	32	66	50	20	42	78	0	68	29	76	
50	63	96	18	62	95	23	68	0	39	22	
64	32	72	21	25	60	50	29	39	0	48	
29	60	86	30	63	93	2	76	22	48	0	
