nbClients: 10
nbTrips: 2
VehCapacity: 120
ClientDemands: 
20	20	30	30	30	10	10	20	10	30	
ServiceTimes: 
2	12	1	12	20	3	40	27	44	10	
TravelTimes: 
0	65	35	69	68	33	42	89	38	90	17	
65	0	50	7	20	50	89	63	30	31	52	
35	50	0	56	42	2	39	53	22	63	19	
69	7	56	0	27	57	95	69	35	34	57	
68	20	42	27	0	43	81	42	30	22	52	
33	50	2	57	43	0	38	55	22	65	17	
42	89	39	95	81	38	0	81	60	102	40	
89	63	53	69	42	55	81	0	60	46	72	
38	30	22	35	30	22	60	60	0	52	23	
90	31	63	34	22	65	102	46	52	0	74	
17	52	19	57	52	17	40	72	23	74	0	
