nbClients: 10
nbTrips: 2
VehCapacity: 120
ClientDemands: 
10	30	10	20	10	20	30	30	20	30	
ServiceTimes: 
85	110	94	65	104	125	69	59	96	135	
TravelTimes: 
0	43	31	50	59	67	55	39	32	36	61	
43	0	74	77	91	39	35	27	58	77	78	
31	74	0	51	50	95	83	67	43	19	70	
50	77	51	0	16	74	61	54	20	33	20	
59	91	50	16	0	90	78	69	33	31	33	
67	39	95	74	90	0	13	27	60	90	64	
55	35	83	61	78	13	0	16	47	77	53	
39	27	67	54	69	27	16	0	36	63	51	
32	58	43	20	33	60	47	36	0	31	30	
36	77	19	33	31	90	77	63	31	0	53	
61	78	70	20	33	64	53	51	30	53	0	
