nbClients: 15
nbTrips: 3
VehCapacity: 120
ClientDemands: 
20	20	30	10	30	10	20	30	10	20	10	30	30	10	20	
ServiceTimes: 
68	90	90	117	169	75	138	79	139	148	128	69	114	146	114	
TravelTimes: 
0	50	5	44	78	81	54	89	75	58	6	96	62	80	51	110	
50	0	55	30	35	59	37	41	40	42	47	47	42	37	16	59	
5	55	0	45	81	86	59	92	80	63	8	101	63	82	56	114	
44	30	45	0	37	87	62	50	70	67	38	75	18	39	44	80	
78	35	81	37	0	88	71	14	65	76	73	52	31	2	49	47	
81	59	86	87	88	0	27	86	23	23	82	55	101	90	43	79	
54	37	59	62	71	27	0	74	25	5	55	56	78	73	21	77	
89	41	92	50	14	86	74	0	63	77	84	43	45	13	53	34	
75	40	80	70	65	23	25	63	0	25	75	33	82	67	27	57	
58	42	63	67	76	23	5	77	25	0	59	57	83	78	26	79	
6	47	8	38	73	82	55	84	75	59	0	94	56	74	50	106	
96	47	101	75	52	55	56	43	33	57	94	0	79	53	45	24	
62	42	63	18	31	101	78	45	82	83	56	79	0	31	58	78	
80	37	82	39	2	90	73	13	67	78	74	53	31	0	51	47	
51	16	56	44	49	43	21	53	27	26	50	45	58	51	0	62	
110	59	114	80	47	79	77	34	57	79	106	24	78	47	62	0	
