nbClients: 15
nbTrips: 3
VehCapacity: 120
ClientDemands: 
10	20	30	30	20	20	10	10	10	30	10	30	30	20	20	
ServiceTimes: 
0	0	0	0	0	0	0	0	0	0	0	0	0	0	0	
TravelTimes: 
0	34	40	61	20	69	77	79	63	58	40	18	19	56	46	84	
34	0	19	59	14	43	67	59	56	48	71	52	35	48	53	80	
40	19	0	78	24	60	86	78	75	68	80	59	31	28	71	100	
61	59	78	0	58	44	19	35	10	15	65	62	78	105	18	23	
20	14	24	58	0	54	70	66	58	50	58	38	24	47	48	81	
69	43	60	44	54	0	38	20	35	30	94	81	78	89	53	56	
77	67	86	19	70	38	0	21	13	19	84	81	92	115	37	18	
79	59	78	35	66	20	21	0	25	24	95	87	90	106	49	39	
63	56	75	10	58	35	13	25	0	8	72	68	79	103	25	24	
58	48	68	15	50	30	19	24	8	0	71	64	73	96	25	32	
40	71	80	65	58	94	84	95	72	71	0	22	56	94	47	83	
18	52	59	62	38	81	81	87	68	64	22	0	34	72	45	84	
19	35	31	78	24	78	92	90	79	73	56	34	0	38	65	101	
56	48	28	105	47	89	115	106	103	96	94	72	38	0	96	128	
46	53	71	18	48	53	37	49	25	25	47	45	65	96	0	38	
84	80	100	23	81	56	18	39	24	32	83	84	101	128	38	0	
