nbClients: 15
nbTrips: 3
VehCapacity: 120
ClientDemands: 
30	20	10	10	20	10	30	20	30	30	20	30	10	10	20	
ServiceTimes: 
0	0	0	0	0	0	0	0	0	0	0	0	0	0	0	
TravelTimes: 
0	80	41	39	71	36	58	59	94	31	95	61	60	84	68	69	
80	0	83	84	9	69	67	58	14	52	15	19	73	17	12	61	
41	83	0	3	74	73	26	89	93	36	94	65	25	78	73	39	
39	84	3	0	75	71	29	88	94	36	95	66	28	79	73	42	
71	9	74	75	0	62	59	53	22	43	24	10	65	19	3	55	
36	69	73	71	62	0	80	25	84	44	85	55	85	80	59	87	
58	67	26	29	59	80	0	90	73	36	74	52	6	57	58	13	
59	58	89	88	53	25	90	0	71	55	72	49	95	72	50	93	
94	14	93	94	22	84	73	71	0	64	1	32	79	17	25	66	
31	52	36	36	43	44	36	55	64	0	66	33	41	53	40	42	
95	15	94	95	24	85	74	72	1	66	0	33	80	18	27	67	
61	19	65	66	10	55	52	49	32	33	33	0	58	25	7	50	
60	73	25	28	65	85	6	95	79	41	80	58	0	62	64	16	
84	17	78	79	19	80	57	72	17	53	18	25	62	0	22	49	
68	12	73	73	3	59	58	50	25	40	27	7	64	22	0	55	
69	61	39	42	55	87	13	93	66	42	67	50	16	49	55	0	
