nbClients: 15
nbTrips: 3
VehCapacity: 120
ClientDemands: 
10	30	10	30	20	10	20	30	30	20	10	10	20	20	30	
ServiceTimes: 
18	23	45	10	44	42	48	6	48	8	15	53	59	5	7	
TravelTimes: 
0	72	42	29	80	37	61	49	82	21	38	45	28	59	36	25	
72	0	68	63	48	48	35	66	41	93	68	111	97	55	76	82	
42	68	0	64	47	63	38	7	53	59	4	85	46	86	76	67	
29	63	64	0	88	14	67	69	86	39	60	50	56	31	14	21	
80	48	47	88	0	79	20	41	9	101	51	125	92	96	102	101	
37	48	63	14	79	0	58	67	76	52	60	65	65	23	27	36	
61	35	38	67	20	58	0	33	20	83	40	106	78	76	81	81	
49	66	7	69	41	67	33	0	47	67	12	93	53	90	82	74	
82	41	53	86	9	76	20	47	0	103	56	127	97	91	101	101	
21	93	59	39	101	52	83	67	103	0	55	26	24	69	38	21	
38	68	4	60	51	60	40	12	56	55	0	81	41	84	72	63	
45	111	85	50	125	65	106	93	127	26	81	0	47	76	41	29	
28	97	46	56	92	65	78	53	97	24	41	47	0	87	59	43	
59	55	86	31	96	23	76	90	91	69	84	76	87	0	35	50	
36	76	76	14	102	27	81	82	101	38	72	41	59	35	0	16	
25	82	67	21	101	36	81	74	101	21	63	29	43	50	16	0	
