nbClients: 15
nbTrips: 3
VehCapacity: 120
ClientDemands: 
10	30	10	20	10	10	30	20	30	20	10	30	30	20	20	
ServiceTimes: 
59	97	108	137	143	128	106	57	57	77	111	80	143	107	125	
TravelTimes: 
0	110	77	81	33	23	42	46	91	64	17	86	47	48	66	50	
110	0	34	31	97	87	84	65	72	72	92	55	91	87	82	85	
77	34	0	17	68	54	51	31	66	43	59	36	67	54	64	53	
81	31	17	0	65	57	63	39	50	59	63	53	60	68	53	67	
33	97	68	65	0	27	58	46	60	76	29	91	14	66	34	67	
23	87	54	57	27	0	30	24	73	49	6	67	37	38	52	39	
42	84	51	63	58	30	0	25	96	22	30	46	67	7	79	8	
46	65	31	39	46	24	25	0	71	33	28	45	50	31	57	31	
91	72	66	50	60	73	96	71	0	102	79	102	46	103	26	103	
64	72	43	59	76	49	22	33	102	0	51	24	82	19	90	17	
17	92	59	63	29	6	30	28	79	51	0	70	41	37	57	39	
86	55	36	53	91	67	46	45	102	24	70	0	94	44	96	41	
47	91	67	60	14	37	67	50	46	82	41	94	0	75	20	76	
48	87	54	68	66	38	7	31	103	19	37	44	75	0	86	2	
66	82	64	53	34	52	79	57	26	90	57	96	20	86	0	87	
50	85	53	67	67	39	8	31	103	17	39	41	76	2	87	0	
