nbClients: 30
nbTrips: 3
VehCapacity: 200
ClientDemands: 
10	10	10	10	10	10	20	30	30	30	20	10	10	20	20	30	10	30	20	20	30	10	10	20	20	30	20	20	30	10	
ServiceTimes: 
42	2	36	46	48	10	33	45	38	45	33	14	44	29	13	3	14	22	42	18	17	11	24	10	6	9	43	27	8	1	
TravelTimes: 
0	30	13	112	99	33	17	51	15	25	50	63	38	52	70	89	33	53	32	80	61	22	21	106	31	101	84	34	80	74	56	
30	0	21	82	69	32	18	43	17	12	20	34	12	43	43	61	36	30	23	69	36	15	11	76	13	70	61	34	52	50	26	
13	21	0	101	87	22	17	53	14	12	41	55	32	40	64	77	23	40	32	68	56	9	17	94	27	90	71	38	73	70	47	
112	82	101	0	16	99	99	97	98	89	63	52	76	92	53	36	104	67	93	94	64	92	92	14	86	11	57	102	45	63	56	
99	69	87	16	0	83	87	90	85	75	51	43	64	76	48	20	89	51	83	78	57	78	79	8	75	9	41	93	42	60	45	
33	32	22	99	83	0	39	73	35	20	49	62	44	19	73	68	5	31	52	47	67	19	36	89	44	88	57	60	81	82	53	
17	18	17	99	87	39	0	36	3	21	36	48	23	55	54	80	41	48	15	83	44	21	7	94	14	87	79	21	64	57	42	
51	43	53	97	90	73	36	0	39	53	43	47	34	87	44	92	76	71	21	112	33	54	37	98	29	87	98	17	53	37	48	
15	17	14	98	85	35	3	39	0	18	35	48	23	51	55	78	37	45	18	79	45	17	6	93	15	87	76	24	64	58	41	
25	12	12	89	75	20	21	53	18	0	31	44	24	34	55	64	24	28	32	61	48	3	16	82	24	78	59	41	63	62	36	
50	20	41	63	51	49	36	43	35	31	0	13	13	54	24	49	54	31	31	74	20	34	29	59	23	52	55	42	32	34	6	
63	34	55	52	43	62	48	47	48	44	13	0	25	65	12	45	67	39	41	82	15	48	41	51	34	41	57	50	19	25	9	
38	12	32	76	64	44	23	34	23	24	13	25	0	54	32	61	49	36	19	78	24	27	17	72	10	65	64	30	41	38	19	
52	43	40	92	76	19	55	87	51	34	54	65	54	0	77	58	21	27	66	28	74	34	50	80	57	82	43	75	83	88	56	
70	43	64	53	48	73	54	44	55	55	24	12	32	77	0	54	78	51	44	94	11	58	49	56	40	43	68	51	10	13	21	
89	61	77	36	20	68	80	92	78	64	49	45	61	58	54	0	74	37	80	58	61	67	72	22	70	29	21	91	53	68	44	
33	36	23	104	89	5	41	76	37	24	54	67	49	21	78	74	0	37	55	49	72	22	38	94	47	94	62	62	86	86	58	
53	30	40	67	51	31	48	71	45	28	31	39	36	27	51	37	37	0	53	43	51	31	41	57	43	57	31	64	56	64	31	
32	23	32	93	83	52	15	21	18	32	31	41	19	66	44	80	55	53	0	93	33	33	16	91	10	82	83	11	54	44	37	
80	69	68	94	78	47	83	112	79	61	74	82	78	28	94	58	49	43	93	0	94	62	77	80	83	86	37	102	98	107	74	
61	36	56	64	57	67	44	33	45	48	20	15	24	74	11	61	72	51	33	94	0	51	39	65	30	54	72	40	21	14	20	
22	15	9	92	78	19	21	54	17	3	34	48	27	34	58	67	22	31	33	62	51	0	16	85	25	81	62	41	66	65	39	
21	11	17	92	79	36	7	37	6	16	29	41	17	50	49	72	38	41	16	77	39	16	0	87	10	80	72	25	58	53	35	
106	76	94	14	8	89	94	98	93	82	59	51	72	80	56	22	94	57	91	80	65	85	87	0	83	14	43	101	50	68	53	
31	13	27	86	75	44	14	29	15	24	23	34	10	57	40	70	47	43	10	83	30	25	10	83	0	75	73	21	50	43	29	
101	70	90	11	9	88	87	87	87	78	52	41	65	82	43	29	94	57	82	86	54	81	80	14	75	0	50	92	37	55	45	
84	61	71	57	41	57	79	98	76	59	55	57	64	43	68	21	62	31	83	37	72	62	72	43	73	50	0	94	69	82	52	
34	34	38	102	93	60	21	17	24	41	42	50	30	75	51	91	62	64	11	102	40	41	25	101	21	92	94	0	61	49	48	
80	52	73	45	42	81	64	53	64	63	32	19	41	83	10	53	86	56	54	98	21	66	58	50	50	37	69	61	0	18	28	
74	50	70	63	60	82	57	37	58	62	34	25	38	88	13	68	86	64	44	107	14	65	53	68	43	55	82	49	18	0	33	
56	26	47	56	45	53	42	48	41	36	6	9	19	56	21	44	58	31	37	74	20	39	35	53	29	45	52	48	28	33	0	
