nbClients: 30
nbTrips: 3
VehCapacity: 200
ClientDemands: 
10	20	20	10	30	30	20	20	10	30	30	10	30	10	20	10	20	20	10	20	20	10	10	10	20	10	30	30	30	10	
ServiceTimes: 
61	31	38	60	43	57	43	45	16	31	61	51	12	64	23	41	29	52	6	58	19	27	58	36	4	1	29	59	64	6	
TravelTimes: 
0	54	57	86	44	39	92	80	46	40	17	40	74	12	50	33	43	89	64	89	80	71	25	36	51	63	14	82	85	36	79	
54	0	52	35	41	47	39	41	56	23	46	48	24	62	42	49	32	66	48	35	39	65	40	19	30	17	51	52	55	48	44	
57	52	0	59	80	81	85	40	14	63	40	17	51	69	84	24	72	117	11	68	42	14	66	51	76	69	43	104	107	80	34	
86	35	59	0	75	82	34	21	70	58	73	65	12	95	75	69	66	89	49	10	19	64	75	53	62	42	79	73	77	83	29	
44	41	80	75	0	9	64	82	77	19	50	68	64	44	5	64	9	44	81	72	80	95	19	29	13	35	53	39	41	12	84	
39	47	81	82	9	0	73	87	76	24	48	67	71	36	13	63	16	51	83	80	85	96	15	33	22	44	49	47	49	3	89	
92	39	85	34	64	73	0	55	93	54	85	86	35	98	62	88	58	61	78	24	52	95	73	56	50	30	91	46	49	75	62	
80	41	40	21	82	87	55	0	54	63	65	51	21	91	83	56	73	104	29	32	2	44	76	54	71	54	71	89	93	87	7	
46	56	14	70	77	76	93	54	0	61	30	9	61	58	81	13	70	117	26	78	55	25	61	50	75	73	32	105	109	74	48	
40	23	63	58	19	24	54	63	61	0	39	52	47	44	21	49	10	56	63	57	61	77	19	11	13	24	43	45	48	25	65	
17	46	40	73	50	48	85	65	30	39	0	23	62	29	55	16	46	94	47	78	65	54	32	31	52	59	5	84	87	46	63	
40	48	17	65	68	67	86	51	9	52	23	0	55	52	72	7	61	108	26	72	51	31	52	41	66	64	26	96	99	66	46	
74	24	51	12	64	71	35	21	61	47	62	55	0	83	65	58	56	83	42	17	18	59	63	41	53	33	67	68	71	72	27	
12	62	69	95	44	36	98	91	58	44	29	52	83	0	49	45	44	88	76	97	90	83	26	43	52	68	26	83	85	33	90	
50	42	84	75	5	13	62	83	81	21	55	72	65	49	0	68	11	39	84	71	81	98	24	32	12	34	58	34	36	16	85	
33	49	24	69	64	63	88	56	13	49	16	7	58	45	68	0	58	105	33	75	57	38	47	39	63	64	19	94	98	61	53	
43	32	72	66	9	16	58	73	70	10	46	61	56	44	11	58	0	48	73	64	71	87	18	21	8	28	49	39	42	17	75	
89	66	117	89	44	51	61	104	117	56	94	108	83	88	39	105	48	0	115	81	102	130	64	67	42	50	97	15	12	54	109	
64	48	11	49	81	83	78	29	26	63	47	26	42	76	84	33	73	115	0	58	31	17	70	52	75	65	51	101	104	83	23	
89	35	68	10	72	80	24	32	78	57	78	72	17	97	71	75	64	81	58	0	29	74	75	54	59	37	84	65	69	81	39	
80	39	42	19	80	85	52	2	55	61	65	51	18	90	81	57	71	102	31	29	0	46	75	53	69	51	70	86	90	85	9	
71	65	14	64	95	96	95	44	25	77	54	31	59	83	98	38	87	130	17	74	46	0	81	66	90	82	57	117	120	95	37	
25	40	66	75	19	15	73	76	61	19	32	52	63	26	24	47	18	64	70	75	75	81	0	22	26	43	34	57	59	13	77	
36	19	51	53	29	33	56	54	50	11	31	41	41	43	32	39	21	67	52	54	53	66	22	0	24	28	36	55	58	33	56	
51	30	76	62	13	22	50	71	75	13	52	66	53	52	12	63	8	42	75	59	69	90	26	24	0	22	56	32	35	24	74	
63	17	69	42	35	44	30	54	73	24	59	64	33	68	34	64	28	50	65	37	51	82	43	28	22	0	64	35	39	46	59	
14	51	43	79	53	49	91	71	32	43	5	26	67	26	58	19	49	97	51	84	70	57	34	36	56	64	0	88	91	47	68	
82	52	104	73	39	47	46	89	105	45	84	96	68	83	34	94	39	15	101	65	86	117	57	55	32	35	88	0	3	50	94	
85	55	107	77	41	49	49	93	109	48	87	99	71	85	36	98	42	12	104	69	90	120	59	58	35	39	91	3	0	52	98	
36	48	80	83	12	3	75	87	74	25	46	66	72	33	16	61	17	54	83	81	85	95	13	33	24	46	47	50	52	0	89	
79	44	34	29	84	89	62	7	48	65	63	46	27	90	85	53	75	109	23	39	9	37	77	56	74	59	68	94	98	89	0	
