nbClients: 30
nbTrips: 3
VehCapacity: 200
ClientDemands: 
10	10	30	20	30	10	20	20	20	30	30	10	10	20	10	30	30	20	10	10	10	20	10	30	10	30	10	20	20	20	
ServiceTimes: 
119	76	107	131	62	154	111	72	93	103	106	116	165	116	145	150	150	86	109	79	154	117	134	63	139	94	130	118	126	108	
TravelTimes: 
0	20	78	47	78	94	41	40	15	103	93	68	77	67	84	87	91	41	88	86	92	58	109	63	50	57	82	106	92	5	85	
20	0	71	42	58	74	28	20	18	89	83	50	62	58	65	78	82	41	82	79	78	50	94	59	37	37	66	90	72	23	84	
78	71	0	30	75	77	44	69	62	39	17	48	33	14	62	11	15	38	12	8	35	20	48	17	37	71	38	53	84	76	28	
47	42	30	0	66	75	20	45	31	60	46	42	39	21	60	40	44	11	41	39	52	12	67	17	20	53	45	68	78	45	43	
78	58	75	66	0	17	49	38	71	64	76	27	44	63	19	74	76	75	86	80	53	63	63	76	46	21	42	53	14	81	102	
94	74	77	75	17	0	60	55	85	56	73	32	43	66	15	73	74	85	86	80	48	69	53	81	55	38	39	42	10	96	105	
41	28	44	20	49	60	0	26	28	61	55	29	35	30	47	50	53	26	56	52	50	24	67	35	9	33	40	64	62	41	62	
40	20	69	45	38	55	26	0	35	78	78	35	51	55	47	74	77	49	81	77	67	50	81	61	32	17	54	76	52	43	88	
15	18	62	31	71	85	28	35	0	88	77	56	63	51	73	71	75	27	73	71	78	43	94	47	36	50	68	92	85	14	71	
103	89	39	60	64	56	61	78	88	0	24	44	27	39	45	29	26	71	41	36	11	48	9	53	52	71	25	17	66	102	64	
93	83	17	46	76	73	55	78	77	24	0	50	31	25	59	6	2	55	17	12	26	34	33	34	47	76	34	41	81	91	40	
68	50	48	42	27	32	29	35	56	44	50	0	19	36	18	48	50	52	60	54	32	37	46	50	23	27	19	40	36	69	75	
77	62	33	39	44	43	35	51	63	27	31	19	0	24	29	30	31	50	43	37	15	30	31	40	26	46	6	29	51	77	61	
67	58	14	21	63	66	30	55	51	39	25	36	24	0	51	20	24	31	26	22	32	9	47	16	23	57	29	50	72	65	39	
84	65	62	60	19	15	47	47	73	45	59	18	29	51	0	59	59	71	72	65	35	54	44	66	41	33	25	34	22	85	90	
87	78	11	40	74	73	50	74	71	29	6	48	30	20	59	0	4	48	13	7	28	28	38	28	42	73	34	44	81	85	36	
91	82	15	44	76	74	53	77	75	26	2	50	31	24	59	4	0	53	15	10	27	32	35	32	45	75	34	43	82	89	38	
41	41	38	11	75	85	26	49	27	71	55	52	50	31	71	48	53	0	47	46	62	22	78	21	29	60	56	80	88	38	44	
88	82	12	41	86	86	56	81	73	41	17	60	43	26	72	13	15	47	0	6	42	32	50	25	49	83	47	58	94	86	23	
86	79	8	39	80	80	52	77	71	36	12	54	37	22	65	7	10	46	6	0	35	28	45	24	45	77	41	52	88	84	28	
92	78	35	52	53	48	50	67	78	11	26	32	15	32	35	28	27	62	42	35	0	40	16	48	41	60	13	18	57	92	63	
58	50	20	12	63	69	24	50	43	48	34	37	30	9	54	28	32	22	32	28	40	0	56	12	19	54	36	58	74	56	39	
109	94	48	67	63	53	67	81	94	9	33	46	31	47	44	38	35	78	50	45	16	56	0	62	58	73	28	11	62	108	73	
63	59	17	17	76	81	35	61	47	53	34	50	40	16	66	28	32	21	25	24	48	12	62	0	31	67	46	66	87	60	27	
50	37	37	20	46	55	9	32	36	52	47	23	26	23	41	42	45	29	49	45	41	19	58	31	0	35	31	56	58	50	59	
57	37	71	53	21	38	33	17	50	71	76	27	46	57	33	73	75	60	83	77	60	54	73	67	35	0	46	65	35	60	94	
82	66	38	45	42	39	40	54	68	25	34	19	6	29	25	34	34	56	47	41	13	36	28	46	31	46	0	24	47	82	66	
106	90	53	68	53	42	64	76	92	17	41	40	29	50	34	44	43	80	58	52	18	58	11	66	56	65	24	0	52	106	81	
92	72	84	78	14	10	62	52	85	66	81	36	51	72	22	81	82	88	94	88	57	74	62	87	58	35	47	52	0	95	111	
5	23	76	45	81	96	41	43	14	102	91	69	77	65	85	85	89	38	86	84	92	56	108	60	50	60	82	106	95	0	81	
85	84	28	43	102	105	62	88	71	64	40	75	61	39	90	36	38	44	23	28	63	39	73	27	59	94	66	81	111	81	0	
