nbClients: 30
nbTrips: 3
VehCapacity: 200
ClientDemands: 
10	20	10	30	30	10	20	20	20	10	20	30	20	10	10	20	20	30	10	20	30	30	10	10	20	10	30	10	10	30	
ServiceTimes: 
18	31	43	10	49	46	48	27	21	20	45	8	44	9	18	23	27	31	8	36	53	29	38	38	41	31	50	28	55	2	
TravelTimes: 
0	60	91	32	81	83	61	95	96	32	51	60	52	72	93	63	33	97	58	26	80	63	20	11	83	71	84	70	97	80	53	
60	0	32	48	73	39	57	67	41	29	84	0	45	33	93	9	37	38	36	35	63	78	49	57	36	15	63	79	92	77	54	
91	32	0	72	77	29	68	58	12	61	105	32	59	32	97	28	69	6	48	67	65	91	81	89	25	20	62	90	94	82	68	
32	48	72	0	50	56	29	64	74	34	36	48	21	46	63	45	44	77	28	32	48	37	41	39	57	51	52	42	67	49	21	
81	73	77	50	0	48	20	28	70	77	52	73	33	45	20	64	89	79	38	78	12	28	90	89	52	64	17	21	19	6	29	
83	39	29	56	48	0	43	30	22	60	83	39	38	10	68	29	71	31	27	65	36	66	80	85	4	24	33	63	65	54	45	
61	57	68	29	20	43	0	37	65	57	41	57	13	35	37	50	69	72	22	57	20	23	69	68	46	52	25	22	38	21	8	
95	67	58	64	28	30	37	0	49	81	77	67	43	33	43	57	93	59	39	84	18	55	98	100	34	53	13	49	38	34	45	
96	41	12	74	70	22	65	49	0	69	104	41	58	30	89	34	78	10	47	74	58	88	89	96	19	26	54	86	86	76	67	
32	29	61	34	77	60	57	81	69	0	69	29	44	51	94	34	12	67	42	6	71	70	20	28	59	42	74	75	96	79	50	
51	84	105	36	52	83	41	77	104	69	0	84	45	74	53	80	76	110	57	65	59	24	68	62	85	85	64	32	60	47	37	
60	0	32	48	73	39	57	67	41	29	84	0	45	33	93	9	37	38	36	35	63	78	49	57	36	15	63	79	92	77	54	
52	45	59	21	33	38	13	43	58	44	45	45	0	29	50	38	56	64	11	45	28	33	57	58	40	41	32	34	52	34	9	
72	33	32	46	45	10	35	33	30	51	74	33	29	0	65	23	62	36	17	55	33	59	70	75	11	20	31	57	63	50	37	
93	93	97	63	20	68	37	43	89	94	53	93	50	65	0	84	106	99	57	94	32	31	104	102	72	85	35	23	7	16	44	
63	9	28	45	64	29	50	57	34	34	80	9	38	23	84	0	44	34	28	40	54	71	54	61	26	8	54	72	83	68	47	
33	37	69	44	89	71	69	93	78	12	76	37	56	62	106	44	0	75	54	12	84	81	14	25	70	52	86	86	108	90	62	
97	38	6	77	79	31	72	59	10	67	110	38	64	36	99	34	75	0	53	73	67	95	87	95	27	26	64	93	96	85	73	
58	36	48	28	38	27	22	39	47	42	57	36	11	17	57	28	54	53	0	45	29	44	59	61	29	30	31	44	57	41	20	
26	35	67	32	78	65	57	84	74	6	65	35	45	55	94	40	12	73	45	0	73	69	15	21	64	48	76	74	96	79	50	
80	63	65	48	12	36	20	18	58	71	59	63	28	33	32	54	84	67	29	73	0	36	86	87	40	53	5	31	29	18	28	
63	78	91	37	28	66	23	55	88	70	24	78	33	59	31	71	81	95	44	69	36	0	77	73	69	74	42	8	36	23	24	
20	49	81	41	90	80	69	98	89	20	68	49	57	70	104	54	14	87	59	15	86	77	0	10	79	62	89	82	107	90	61	
11	57	89	39	89	85	68	100	96	28	62	57	58	75	102	61	25	95	61	21	87	73	10	0	84	69	90	79	106	88	60	
83	36	25	57	52	4	46	34	19	59	85	36	40	11	72	26	70	27	29	64	40	69	79	84	0	20	37	66	69	57	48	
71	15	20	51	64	24	52	53	26	42	85	15	41	20	85	8	52	26	30	48	53	74	62	69	20	0	52	74	83	69	50	
84	63	62	52	17	33	25	13	54	74	64	63	32	31	35	54	86	64	31	76	5	42	89	90	37	52	0	36	32	23	33	
70	79	90	42	21	63	22	49	86	75	32	79	34	57	23	72	86	93	44	74	31	8	82	79	66	74	36	0	28	15	25	
97	92	94	67	19	65	38	38	86	96	60	92	52	63	7	83	108	96	57	96	29	36	107	106	69	83	32	28	0	17	46	
80	77	82	49	6	54	21	34	76	79	47	77	34	50	16	68	90	85	41	79	18	23	90	88	57	69	23	15	17	0	29	
53	54	68	21	29	45	8	45	67	50	37	54	9	37	44	47	62	73	20	50	28	24	61	60	48	50	33	25	46	29	0	
