nbClients: 30
nbTrips: 3
VehCapacity: 200
ClientDemands: 
30	30	10	20	20	20	10	10	10	20	10	20	10	20	10	30	20	20	20	30	10	30	30	30	10	30	20	10	10	10	
ServiceTimes: 
28	38	6	50	17	22	2	37	5	32	14	56	16	39	49	16	10	42	15	52	12	44	1	51	24	48	5	53	6	6	
TravelTimes: 
0	35	49	107	120	94	110	93	20	73	99	97	94	61	41	92	79	54	45	61	95	66	97	111	97	86	122	81	103	51	108	
35	0	24	78	102	61	83	59	15	71	73	85	75	56	29	65	72	40	45	26	71	38	97	96	62	75	97	67	75	29	93	
49	24	0	58	78	48	61	48	31	51	50	61	50	37	15	42	50	18	32	27	47	17	77	72	55	52	74	43	54	5	69	
107	78	58	0	50	27	10	31	89	75	14	58	36	70	68	18	66	59	78	58	21	41	91	56	44	59	29	50	6	57	53	
120	102	78	50	0	75	41	79	107	56	41	27	27	61	79	46	46	66	77	93	37	67	56	13	92	36	26	38	45	73	13	
94	61	48	27	75	0	37	4	74	84	34	75	54	74	62	30	76	57	76	36	39	32	104	77	17	72	56	62	30	49	74	
110	83	61	10	41	37	0	41	93	71	11	51	30	68	70	18	61	60	77	65	18	45	84	47	54	53	19	46	8	59	45	
93	59	48	31	79	4	41	0	73	86	38	78	57	76	62	34	79	59	77	34	43	33	107	81	13	75	60	65	34	50	78	
20	15	31	89	107	74	93	73	0	68	82	86	80	54	28	74	71	41	40	41	79	48	94	99	77	76	106	69	86	34	97	
73	71	51	75	56	84	71	86	68	0	61	29	42	14	41	58	11	33	28	77	54	55	26	44	98	20	71	25	69	46	42	
99	73	50	14	41	34	11	38	82	61	0	44	22	57	59	7	51	48	66	57	7	34	76	43	51	44	25	36	7	48	41	
97	85	61	58	27	75	51	78	86	29	44	0	21	36	58	45	19	45	52	82	37	56	33	15	92	10	45	18	52	56	13	
94	75	50	36	27	54	30	57	80	42	22	21	0	41	53	23	31	40	54	67	15	40	54	24	71	22	30	17	30	46	21	
61	56	37	70	61	74	68	76	54	14	57	36	41	0	27	52	17	19	16	64	50	43	40	50	87	25	71	24	64	32	48	
41	29	15	68	79	62	70	62	28	41	59	58	53	27	0	52	43	13	17	41	54	30	68	71	71	47	80	41	64	13	68	
92	65	42	18	46	30	18	34	74	58	7	45	23	52	52	0	49	41	60	49	9	26	76	47	47	43	33	34	12	40	44	
79	72	50	66	46	76	61	79	71	11	51	19	31	17	43	49	0	32	34	75	44	50	28	34	91	9	60	15	59	44	32	
54	40	18	59	66	57	60	59	41	33	48	45	40	19	13	41	32	0	19	44	42	25	59	58	69	35	68	28	54	13	55	
45	45	32	78	77	76	77	77	40	28	66	52	54	16	17	60	34	19	0	58	60	43	54	66	87	41	84	38	72	28	64	
61	26	27	58	93	36	65	34	41	77	57	82	67	64	41	49	75	44	58	0	57	27	103	91	36	75	82	65	57	31	88	
95	71	47	21	37	39	18	43	79	54	7	37	15	50	54	9	44	42	60	57	0	33	69	38	57	37	26	29	15	44	35	
66	38	17	41	67	32	45	33	48	55	34	56	40	43	30	26	50	25	43	27	33	0	79	64	44	49	59	38	37	17	61	
97	97	77	91	56	104	84	107	94	26	76	33	54	40	68	76	28	59	54	103	69	79	0	43	120	32	78	42	84	72	43	
111	96	72	56	13	77	47	81	99	44	43	15	24	50	71	47	34	58	66	91	38	64	43	0	95	25	36	29	50	67	3	
97	62	55	44	92	17	54	13	77	98	51	92	71	87	71	47	91	69	87	36	57	44	120	95	0	88	73	78	47	58	92	
86	75	52	59	36	72	53	75	76	20	44	10	22	25	47	43	9	35	41	75	37	49	32	25	88	0	51	10	52	47	23	
122	97	74	29	26	56	19	60	106	71	25	45	30	71	80	33	60	68	84	82	26	59	78	36	73	51	0	47	26	71	35	
81	67	43	50	38	62	46	65	69	25	36	18	17	24	41	34	15	28	38	65	29	38	42	29	78	10	47	0	44	38	27	
103	75	54	6	45	30	8	34	86	69	7	52	30	64	64	12	59	54	72	57	15	37	84	50	47	52	26	44	0	52	47	
51	29	5	57	73	49	59	50	34	46	48	56	46	32	13	40	44	13	28	31	44	17	72	67	58	47	71	38	52	0	64	
108	93	69	53	13	74	45	78	97	42	41	13	21	48	68	44	32	55	64	88	35	61	43	3	92	23	35	27	47	64	0	
